3.8571429999999953E+00
1.0141852232766997E+01
3.9166585931709136E+01
3.8571429999999851E+00
1.0141852232766992E+01
3.9166585931709079E+01
3.8571429999999878E+00
1.0141852232766993E+01
3.9166585931709086E+01
3.8571429999999927E+00
1.0141852232766988E+01
3.9166585931709150E+01
3.8571429999999820E+00
1.0141852232766986E+01
3.9166585931708994E+01
3.8571429999999922E+00
1.0141852232766981E+01
3.9166585931709108E+01
3.8571429999999802E+00
1.0141852232766967E+01
3.9166585931709101E+01
3.8571429999999784E+00
1.0141852232766967E+01
3.9166585931709051E+01
3.8571429999999740E+00
1.0141852232766974E+01
3.9166585931709079E+01
3.8571429999999820E+00
1.0141852232766960E+01
3.9166585931709015E+01
3.8571429999999727E+00
1.0141852232766968E+01
3.9166585931708994E+01
3.8571429999999904E+00
1.0141852232766986E+01
3.9166585931709122E+01
3.8571429999999940E+00
1.0141852232766984E+01
3.9166585931709093E+01
3.8571429999999731E+00
1.0141852232766965E+01
3.9166585931708966E+01
3.8571429999999736E+00
1.0141852232766949E+01
3.9166585931708980E+01
3.8571429999999571E+00
1.0141852232766928E+01
3.9166585931708859E+01
3.8571429999999807E+00
1.0141852232766949E+01
3.9166585931708994E+01
3.8571429999999451E+00
1.0141852232766924E+01
3.9166585931708759E+01
3.8571429999999434E+00
1.0141852232766896E+01
3.9166585931708752E+01
3.8571429999999554E+00
1.0141852232766926E+01
3.9166585931708788E+01
3.8571429999999420E+00
1.0141852232766880E+01
3.9166585931708717E+01
3.8571429999999554E+00
1.0141852232766889E+01
3.9166585931708930E+01
3.8571429999999438E+00
1.0141852232766919E+01
3.9166585931708674E+01
3.8571429999999554E+00
1.0141852232766903E+01
3.9166585931708923E+01
3.8571429999999425E+00
1.0141852232766903E+01
3.9166585931708731E+01
3.8571429999999371E+00
1.0141852232766880E+01
3.9166585931708731E+01
3.8571429999999376E+00
1.0141852232766878E+01
3.9166585931708788E+01
3.8571429999999323E+00
1.0141852232766855E+01
3.9166585931708724E+01
3.8571429999999385E+00
1.0141852232766874E+01
3.9166585931708738E+01
3.8571429999999327E+00
1.0141852232766858E+01
3.9166585931708703E+01
3.8571429999999562E+00
1.0141852232766876E+01
3.9166585931708966E+01
3.8571429999999061E+00
1.0141852232766849E+01
3.9166585931708518E+01
3.8571429999999309E+00
1.0141852232766830E+01
3.9166585931708696E+01
3.8571429999999345E+00
1.0141852232766865E+01
3.9166585931708752E+01
3.8571429999999589E+00
1.0141852232766896E+01
3.9166585931708916E+01
3.8571429999999052E+00
1.0141852232766814E+01
3.9166585931708532E+01
3.8571429999999087E+00
1.0141852232766782E+01
3.9166585931708582E+01
3.8571429999998794E+00
1.0141852232766794E+01
3.9166585931708411E+01
3.8571429999998856E+00
1.0141852232766819E+01
3.9166585931708333E+01
3.8571429999999394E+00
1.0141852232766862E+01
3.9166585931708816E+01
3.8571429999999389E+00
1.0141852232766841E+01
3.9166585931708759E+01
3.8571429999999003E+00
1.0141852232766789E+01
3.9166585931708539E+01
3.8571429999998794E+00
1.0141852232766755E+01
3.9166585931708326E+01
3.8571429999999260E+00
1.0141852232766842E+01
3.9166585931708738E+01
3.8571429999999154E+00
1.0141852232766849E+01
3.9166585931708681E+01
3.8571429999999065E+00
1.0141852232766775E+01
3.9166585931708504E+01
3.8571429999998785E+00
1.0141852232766734E+01
3.9166585931708504E+01
3.8571429999999101E+00
1.0141852232766759E+01
3.9166585931708617E+01
3.8571429999998585E+00
1.0141852232766741E+01
3.9166585931708170E+01
3.8571429999999216E+00
1.0141852232766817E+01
3.9166585931708752E+01
3.8571429999999287E+00
1.0141852232766826E+01
3.9166585931708781E+01
3.8571429999999123E+00
1.0141852232766748E+01
3.9166585931708624E+01
3.8571429999998688E+00
1.0141852232766757E+01
3.9166585931708212E+01
3.8571429999998745E+00
1.0141852232766713E+01
3.9166585931708347E+01
3.8571429999998728E+00
1.0141852232766716E+01
3.9166585931708298E+01
3.8571429999998648E+00
1.0141852232766688E+01
3.9166585931708177E+01
3.8571429999998874E+00
1.0141852232766734E+01
3.9166585931708340E+01
3.8571429999998808E+00
1.0141852232766720E+01
3.9166585931708291E+01
3.8571429999999003E+00
1.0141852232766727E+01
3.9166585931708639E+01
3.8571429999998617E+00
1.0141852232766725E+01
3.9166585931708241E+01
3.8571429999998572E+00
1.0141852232766718E+01
3.9166585931708241E+01
3.8571429999998816E+00
1.0141852232766764E+01
3.9166585931708369E+01
3.8571429999998950E+00
1.0141852232766722E+01
3.9166585931708546E+01
3.8571429999998510E+00
1.0141852232766636E+01
3.9166585931708099E+01
3.8571429999998585E+00
1.0141852232766706E+01
3.9166585931708319E+01
3.8571429999998039E+00
1.0141852232766622E+01
3.9166585931707942E+01
3.8571429999998448E+00
1.0141852232766698E+01
3.9166585931708106E+01
3.8571429999998177E+00
1.0141852232766668E+01
3.9166585931707985E+01
3.8571429999998257E+00
1.0141852232766622E+01
3.9166585931708020E+01
3.8571429999998195E+00
1.0141852232766635E+01
3.9166585931707921E+01
3.8571429999998235E+00
1.0141852232766684E+01
3.9166585931708006E+01
3.8571429999998479E+00
1.0141852232766659E+01
3.9166585931708127E+01
3.8571429999998075E+00
1.0141852232766647E+01
3.9166585931707992E+01
3.8571429999998381E+00
1.0141852232766659E+01
3.9166585931708099E+01
3.8571429999998497E+00
1.0141852232766695E+01
3.9166585931708141E+01
3.8571429999998541E+00
1.0141852232766734E+01
3.9166585931708269E+01
3.8571429999998821E+00
1.0141852232766734E+01
3.9166585931708475E+01
3.8571429999998044E+00
1.0141852232766665E+01
3.9166585931707914E+01
3.8571429999998013E+00
1.0141852232766592E+01
3.9166585931707850E+01
3.8571429999997808E+00
1.0141852232766576E+01
3.9166585931707701E+01
3.8571429999998110E+00
1.0141852232766666E+01
3.9166585931707871E+01
3.8571429999998101E+00
1.0141852232766635E+01
3.9166585931707793E+01
3.8571429999997697E+00
1.0141852232766563E+01
3.9166585931707658E+01
3.8571429999998199E+00
1.0141852232766583E+01
3.9166585931708056E+01
3.8571429999998399E+00
1.0141852232766599E+01
3.9166585931708070E+01
3.8571429999998248E+00
1.0141852232766576E+01
3.9166585931707942E+01
3.8571429999997644E+00
1.0141852232766563E+01
3.9166585931707516E+01
3.8571429999997693E+00
1.0141852232766560E+01
3.9166585931707523E+01
3.8571429999997884E+00
1.0141852232766571E+01
3.9166585931707743E+01
3.8571429999998639E+00
1.0141852232766622E+01
3.9166585931708255E+01
3.8571429999998070E+00
1.0141852232766603E+01
3.9166585931708013E+01
3.8571429999997640E+00
1.0141852232766521E+01
3.9166585931707580E+01
3.8571429999997435E+00
1.0141852232766503E+01
3.9166585931707353E+01
3.8571429999997910E+00
1.0141852232766603E+01
3.9166585931707736E+01
3.8571429999998728E+00
1.0141852232766697E+01
3.9166585931708397E+01
3.8571429999997826E+00
1.0141852232766558E+01
3.9166585931707694E+01
3.8571429999997440E+00
1.0141852232766512E+01
3.9166585931707488E+01
3.8571429999997595E+00
1.0141852232766503E+01
3.9166585931707480E+01
3.8571429999997702E+00
1.0141852232766487E+01
3.9166585931707530E+01
3.8571429999997204E+00
1.0141852232766466E+01
3.9166585931707303E+01
3.8571429999997378E+00
1.0141852232766519E+01
3.9166585931707246E+01
3.8571429999997400E+00
1.0141852232766551E+01
3.9166585931707367E+01
3.8571429999997311E+00
1.0141852232766507E+01
3.9166585931707537E+01
3.8571429999997777E+00
1.0141852232766510E+01
3.9166585931707701E+01
3.8571429999997795E+00
1.0141852232766476E+01
3.9166585931707800E+01
3.8571429999997457E+00
1.0141852232766460E+01
3.9166585931707480E+01
3.8571429999997120E+00
1.0141852232766441E+01
3.9166585931707075E+01
3.8571429999997320E+00
1.0141852232766443E+01
3.9166585931707331E+01
3.8571429999997409E+00
1.0141852232766485E+01
3.9166585931707353E+01
3.8571429999997915E+00
1.0141852232766487E+01
3.9166585931707793E+01
3.8571429999998452E+00
1.0141852232766585E+01
3.9166585931708305E+01
3.8571429999998075E+00
1.0141852232766515E+01
3.9166585931707900E+01
3.8571429999996956E+00
1.0141852232766345E+01
3.9166585931707012E+01
3.8571429999997471E+00
1.0141852232766469E+01
3.9166585931707438E+01
3.8571429999996569E+00
1.0141852232766370E+01
3.9166585931706827E+01
3.8571429999996960E+00
1.0141852232766373E+01
3.9166585931707161E+01
3.8571429999997502E+00
1.0141852232766366E+01
3.9166585931707651E+01
3.8571429999996805E+00
1.0141852232766386E+01
3.9166585931706891E+01
3.8571429999998164E+00
1.0141852232766492E+01
3.9166585931707992E+01
3.8571429999997053E+00
1.0141852232766349E+01
3.9166585931707125E+01
3.8571429999996591E+00
1.0141852232766379E+01
3.9166585931706813E+01
3.8571429999999061E+00
1.0141852232766563E+01
3.9166585931708696E+01
3.8571429999995765E+00
1.0141852232766325E+01
3.9166585931706088E+01
3.8571429999995934E+00
1.0141852232766366E+01
3.9166585931706365E+01
3.8571429999999256E+00
1.0141852232766528E+01
3.9166585931708944E+01
3.8571429999993465E+00
1.0141852232766114E+01
3.9166585931704425E+01
3.8571429999998328E+00
1.0141852232766535E+01
3.9166585931708198E+01
3.8571429999999909E+00
1.0141852232766635E+01
3.9166585931709484E+01
3.8571429999989690E+00
1.0141852232765959E+01
3.9166585931701540E+01
3.8571430000002929E+00
1.0141852232766800E+01
3.9166585931711673E+01
3.8571429999994713E+00
1.0141852232766203E+01
3.9166585931705328E+01
3.8571429999986360E+00
1.0141852232765682E+01
3.9166585931698933E+01
3.8571430000012197E+00
1.0141852232767391E+01
3.9166585931718927E+01
3.8571429999982989E+00
1.0141852232765359E+01
3.9166585931696339E+01
3.8571429999991169E+00
1.0141852232765968E+01
3.9166585931702620E+01
3.8571430000025417E+00
1.0141852232768287E+01
3.9166585931729344E+01
3.8571429999963622E+00
1.0141852232764011E+01
3.9166585931681553E+01
3.8571430000020150E+00
1.0141852232767926E+01
3.9166585931724953E+01
3.8571430000030875E+00
1.0141852232768681E+01
3.9166585931733302E+01
3.8571429999935209E+00
1.0141852232762082E+01
3.9166585931659412E+01
3.8571430000080555E+00
1.0141852232772134E+01
3.9166585931771934E+01
3.8571429999992275E+00
1.0141852232766031E+01
3.9166585931703551E+01
3.8571429999908422E+00
1.0141852232760199E+01
3.9166585931638551E+01
3.8571430000161486E+00
1.0141852232777724E+01
3.9166585931834533E+01
3.8571429999848332E+00
1.0141852232755964E+01
3.9166585931592074E+01
3.8571429999927327E+00
1.0141852232761460E+01
3.9166585931653209E+01
3.8571430000227265E+00
1.0141852232782252E+01
3.9166585931885457E+01
3.8571429999579268E+00
1.0141852232737326E+01
3.9166585931383921E+01
3.8571430000149820E+00
1.0141852232776955E+01
3.9166585931825608E+01
3.8571430000235498E+00
1.0141852232782867E+01
3.9166585931891916E+01
3.8571429999313245E+00
1.0141852232718961E+01
3.9166585931177799E+01
3.8571430000815825E+00
1.0141852232823064E+01
3.9166585932340958E+01
3.8571429999990414E+00
1.0141852232765926E+01
3.9166585931702102E+01
3.8571429999233797E+00
1.0141852232713422E+01
3.9166585931116302E+01
3.8571430001822664E+00
1.0141852232892845E+01
3.9166585933120416E+01
3.8571429998767215E+00
1.0141852232681151E+01
3.9166585930755353E+01
3.8571429999458005E+00
1.0141852232728942E+01
3.9166585931289887E+01
3.8571430002442355E+00
1.0141852232935735E+01
3.9166585933600196E+01
3.8571429995930804E+00
1.0141852232484585E+01
3.9166585928559520E+01
3.8571430001228757E+00
1.0141852232851651E+01
3.9166585932660659E+01
3.8571430002439655E+00
1.0141852232935527E+01
3.9166585933598157E+01
3.8571429993058395E+00
1.0141852232285634E+01
3.9166585926335891E+01
3.8571430007611154E+00
1.0141852233293745E+01
3.9166585937601319E+01
3.8571430000597848E+00
1.0141852232807899E+01
3.9166585932172445E+01
3.8571429991552844E+00
1.0141852232181350E+01
3.9166585925170608E+01
3.8571430016975290E+00
1.0141852233942490E+01
3.9166585944850432E+01
3.8571429988401653E+00
1.0141852231963133E+01
3.9166585922731052E+01
3.8571429991097732E+00
1.0141852232149768E+01
3.9166585924818037E+01
3.8571430024627222E+00
1.0141852234472367E+01
3.9166585950773637E+01
3.8571429964020996E+00
1.0141852230274107E+01
3.9166585903857595E+01
3.8571430010909005E+00
1.0141852233522149E+01
3.9166585940154413E+01
3.8571430036409597E+00
1.0141852235288603E+01
3.9166585959894675E+01
3.8571429938044943E+00
1.0141852228474631E+01
3.9166585883749384E+01
3.8571430064381826E+00
1.0141852237226267E+01
3.9166585981548486E+01
3.8571430012025778E+00
1.0141852233599435E+01
3.9166585941018660E+01
3.8571429886742492E+00
1.0141852224920829E+01
3.9166585844035112E+01
3.8571430134542006E+00
1.0141852242086461E+01
3.9166586035860462E+01
3.8571429914773709E+00
1.0141852226862643E+01
3.9166585865734497E+01
3.8571429895139970E+00
1.0141852225502600E+01
3.9166585850535895E+01
3.8571430299289027E+00
1.0141852253498804E+01
3.9166586163393490E+01
3.8571429754359889E+00
1.0141852215750411E+01
3.9166585741556119E+01
3.8571430019916200E+00
1.0141852234146059E+01
3.9166585947127189E+01
3.8571430374787443E+00
1.0141852258728740E+01
3.9166586221837910E+01
3.8571429318816102E+00
1.0141852185579276E+01
3.9166585404395526E+01
3.8571430341749111E+00
1.0141852256440057E+01
3.9166586196262571E+01
3.8571430377602991E+00
1.0141852258923858E+01
3.9166586224017337E+01
3.8571428968579062E+00
1.0141852161317715E+01
3.9166585133272172E+01
3.8571431272104237E+00
1.0141852320887756E+01
3.9166586916463679E+01
3.8571429809385287E+00
1.0141852219562148E+01
3.9166585784152176E+01
3.8571428325353323E+00
1.0141852116760065E+01
3.9166584635341906E+01
3.8571432453869576E+00
1.0141852402751109E+01
3.9166587831284794E+01
3.8571428367378320E+00
1.0141852119671171E+01
3.9166584667874190E+01
3.8571428976093394E+00
1.0141852161838148E+01
3.9166585139089079E+01
3.8571434674977327E+00
1.0141852556611841E+01
3.9166589550675774E+01
3.8571424922306781E+00
1.0141851881023806E+01
3.9166582000995348E+01
3.8571430318136954E+00
1.0141852254804306E+01
3.9166586177983810E+01
3.8571435943316961E+00
1.0141852644472186E+01
3.9166590532515343E+01
3.8571420136130419E+00
1.0141851549474907E+01
3.9166578295948973E+01
3.8571437258922128E+00
1.0141852735606673E+01
3.9166591550944318E+01
3.8571435261182829E+00
1.0141852597219247E+01
3.9166590004465995E+01
3.8571410888300672E+00
1.0141850908857256E+01
3.9166571137073866E+01
3.8571448322770796E+00
1.0141853502022197E+01
3.9166600115626231E+01
3.8571430018966919E+00
1.0141852234078561E+01
3.9166585946393297E+01
3.8571405715885270E+00
1.0141850550551361E+01
3.9166567133034910E+01
3.8571468569864233E+00
1.0141854904576750E+01
3.9166615789189983E+01
3.8571406556326040E+00
1.0141850608766871E+01
3.9166567783634100E+01
3.8571403140458220E+00
1.0141850372143931E+01
3.9166565139361687E+01
3.8571505144808396E+00
1.0141857438186127E+01
3.9166644102379706E+01
3.8571366865264975E+00
1.0141847859272575E+01
3.9166537058229288E+01
3.8571410802488733E+00
1.0141850902895317E+01
3.9166571070656090E+01
3.8571541820305928E+00
1.0141859978744284E+01
3.9166672493419746E+01
3.8571298999808969E+00
1.0141843158043475E+01
3.9166484522648140E+01
3.8571463387631009E+00
1.0141854545519926E+01
3.9166611777592784E+01
3.8571573739889962E+00
1.0141862189824801E+01
3.9166697202854053E+01
3.8571168841411008E+00
1.0141834141523812E+01
3.9166383765296089E+01
3.8571589238470310E+00
1.0141863263298427E+01
3.9166709200610988E+01
3.8571605856374513E+00
1.0141864414476276E+01
3.9166722064752236E+01
3.8570953586172698E+00
1.0141819229829101E+01
3.9166217133480494E+01
3.8571821478838584E+00
1.0141879350510900E+01
3.9166888981504400E+01
3.8571619413182061E+00
1.0141865353255502E+01
3.9166732559467683E+01
3.8570629281460942E+00
1.0141796763188651E+01
3.9165966085436686E+01
3.8572208696473096E+00
1.0141906172190611E+01
3.9167188733171642E+01
3.8571625025311298E+00
1.0141865741134691E+01
3.9166736904436576E+01
3.8570142340548230E+00
1.0141763028497373E+01
3.9165589139558982E+01
3.8572785390926385E+00
1.0141946115821609E+01
3.9167635163627914E+01
3.8571972669916579E+00
1.0141889820874562E+01
3.9167006022441640E+01
3.8569074143347253E+00
1.0141689019987885E+01
3.9164762240365739E+01
3.8572057212446369E+00
1.0141895675027321E+01
3.9167071469407531E+01
3.8559049535617307E+00
1.0140993857634928E+01
3.9157002490210751E+01
3.8507426048561615E+00
1.0137405134552070E+01
3.9117047569984656E+01
3.8437768149138036E+00
1.0132537943752897E+01
3.9063149292174337E+01
3.8361402749906599E+00
1.0127168490287355E+01
3.9004080831707753E+01
3.8277059074277049E+00
1.0121196978481889E+01
3.8938865187369188E+01
3.8192365690314634E+00
1.0115158024384410E+01
3.8873403843073554E+01
3.8110159851988006E+00
1.0109254470024061E+01
3.8809889226000450E+01
3.8023039861247065E+00
1.0102952607686097E+01
3.8742603540721035E+01
3.7935365026519463E+00
1.0096564418367983E+01
3.8674915270508166E+01
3.7852618266761584E+00
1.0090492151124796E+01
3.8611055632976452E+01
3.7767110167845139E+00
1.0084173104862348E+01
3.8545089211960892E+01
3.7682284509302044E+00
1.0077860371018206E+01
3.8479673244681514E+01
3.7594087625128094E+00
1.0071249612939900E+01
3.8411682835403226E+01
3.7509287106815288E+00
1.0064849037630657E+01
3.8346334412445678E+01
3.7429386037761261E+00
1.0058776940410400E+01
3.8284783082927341E+01
3.7339069324959828E+00
1.0051865862373145E+01
3.8215233036383253E+01
3.7253499007715343E+00
1.0045272064170948E+01
3.8149361993579703E+01
3.7171029811735274E+00
1.0038871903204241E+01
3.8085899983787883E+01
3.7081060899096787E+00
1.0031844066332310E+01
3.8016691963507363E+01
3.7002489021848053E+00
1.0025658742009801E+01
3.7956274446826725E+01
3.6905338185238126E+00
1.0017959757873408E+01
3.7881584945217618E+01
3.7022984161481522E+00
1.0027217488544530E+01
3.7972100093900899E+01
3.9534291553532421E+00
1.0202192516519855E+01
3.9916196247635497E+01
4.0738391943756138E+00
1.0277212291018431E+01
4.0854406017402326E+01
4.0794520299886807E+00
1.0280171495777610E+01
4.0898644886665835E+01
4.0799603428023588E+00
1.0280751083096938E+01
4.0901522084990646E+01
4.0795760357617619E+00
1.0280129842423891E+01
4.0899218187451950E+01
4.0786222705964814E+00
1.0279805289098586E+01
4.0891762462203864E+01
4.0773634905364675E+00
1.0279367534431053E+01
4.0881629612626476E+01
4.0751766286664610E+00
1.0277733912475419E+01
4.0865380174848362E+01
4.0732731112674259E+00
1.0276927218322465E+01
4.0849564413490135E+01
4.0704412110384105E+00
1.0275163409703971E+01
4.0827333642488476E+01
4.0679561260339607E+00
1.0273532906880991E+01
4.0808482956161235E+01
4.0652175272133668E+00
1.0272478133382036E+01
4.0786455738071112E+01
4.0624937875540432E+00
1.0270655621970393E+01
4.0765919968402230E+01
4.0593900518177826E+00
1.0268865168704854E+01
4.0741512655140596E+01
4.0560617736906037E+00
1.0267136454597345E+01
4.0714671070256720E+01
4.0522646896959245E+00
1.0264496443167555E+01
4.0685703961766528E+01
4.0483146126218834E+00
1.0262551707049168E+01
4.0654436361923679E+01
4.0440571220102788E+00
1.0260196274580036E+01
4.0621341604711382E+01
4.0393231576622783E+00
1.0257136562686817E+01
4.0585025754593261E+01
4.0347858634547675E+00
1.0254795930577126E+01
4.0548595321326715E+01
4.0300334745903958E+00
1.0251688091436179E+01
4.0511739786126562E+01
4.0251261936436888E+00
1.0248693667589563E+01
4.0473581236950494E+01
4.0204647128936726E+00
1.0246354279858341E+01
4.0436756218086259E+01
4.0157038756600985E+00
1.0243210313640230E+01
4.0400548808529777E+01
4.0107558757689965E+00
1.0240371936682806E+01
4.0361520242376116E+01
4.0055475554094002E+00
1.0237294597640565E+01
4.0320404684923602E+01
4.0004828826871375E+00
1.0233802624618630E+01
4.0281475737364872E+01
3.9954835944005329E+00
1.0231129360676107E+01
4.0241918947679579E+01
3.9898971452980603E+00
1.0227726964366115E+01
4.0198865834620051E+01
3.9846850866193422E+00
1.0224338709817363E+01
4.0158736856247451E+01
3.9797798141182117E+00
1.0221610926172463E+01
4.0119633653598129E+01
3.9741334197819627E+00
1.0217741552622222E+01
4.0076044820739646E+01
3.9689608723367593E+00
1.0214483378498626E+01
4.0035637910368138E+01
3.9644763824733804E+00
1.0212017962971467E+01
4.0000435737985313E+01
3.9590891318240895E+00
1.0208355859757690E+01
3.9959486005845328E+01
3.9534245020930898E+00
1.0204960239690095E+01
3.9914922726960469E+01
3.9477201801601360E+00
1.0201332799594901E+01
3.9870259916502981E+01
3.9415092726970649E+00
1.0196970258610188E+01
3.9822382326822883E+01
3.9353110846077333E+00
1.0193312510645377E+01
3.9773548933884747E+01
3.9292162499332686E+00
1.0189352981244614E+01
3.9726773471452894E+01
3.9235480746082438E+00
1.0185552327392392E+01
3.9683168735690543E+01
3.9177633815274722E+00
1.0182051225864958E+01
3.9637469716871983E+01
3.9112083404293014E+00
1.0177390555029431E+01
3.9586958932799305E+01
3.9050179275588461E+00
1.0173254688358657E+01
3.9538658704068560E+01
3.8993474530080112E+00
1.0169772831462058E+01
3.9494374277668143E+01
3.8933174205825654E+00
1.0165523046859512E+01
3.9448549349017448E+01
3.8875276764526352E+00
1.0161824206921548E+01
3.9403253880281667E+01
3.8820574840046467E+00
1.0158147094344395E+01
3.9360586555880872E+01
3.8766810523304471E+00
1.0154131399890579E+01
3.9319254709054533E+01
3.8712362662829696E+00
1.0150672482255620E+01
3.9276388401191348E+01
3.8651190062158034E+00
1.0146488071981269E+01
3.9229489249247891E+01
3.8586929451302177E+00
1.0141969115695943E+01
3.9180230720308067E+01
3.8523708835223429E+00
1.0137862087494886E+01
3.9130621859184124E+01
3.8457482159159628E+00
1.0132961953181493E+01
3.9079667110852711E+01
3.8392680479302523E+00
1.0128317408137631E+01
3.9029303800087071E+01
3.8330191738944928E+00
1.0124165744640182E+01
3.8980566655792856E+01
3.8265516517587419E+00
1.0119417649250664E+01
3.8931434446022323E+01
3.8203311009017060E+00
1.0115142488586496E+01
3.8883164719168114E+01
3.8143204184798889E+00
1.0110918808242996E+01
3.8836402945219270E+01
3.8084307522059588E+00
1.0106332873778475E+01
3.8791226399106471E+01
3.8030262707393505E+00
1.0102576112172976E+01
3.8748835773920035E+01
3.7974380952684759E+00
1.0098571945938176E+01
3.8705921935893684E+01
3.7913902966972222E+00
1.0094056181693301E+01
3.8659881356890061E+01
3.7852312329767246E+00
1.0089800365859846E+01
3.8611824195919269E+01
3.7787544460771318E+00
1.0084846180271192E+01
3.8562006411092526E+01
3.7722303354904971E+00
1.0079820870636905E+01
3.8511601338361210E+01
3.7658076734569930E+00
1.0075243533172014E+01
3.8461510660168642E+01
3.7592007320553913E+00
1.0070184635794977E+01
3.8411277250907567E+01
3.7529319669470125E+00
1.0065548302015552E+01
3.8363084443736291E+01
3.7471755741031476E+00
1.0061354284610575E+01
3.8318345031804299E+01
3.7416755910513744E+00
1.0056869275364930E+01
3.8276290357908266E+01
3.7364289568800868E+00
1.0052883932421185E+01
3.8235379981058053E+01
3.7307946666524110E+00
1.0048668309289370E+01
3.8191883312544114E+01
3.7246211079620593E+00
1.0043793344929583E+01
3.8145092584279809E+01
3.7184297116565306E+00
1.0039218227946677E+01
3.8097164423890732E+01
3.7119692423430983E+00
1.0034153232252121E+01
3.8047417829532890E+01
3.7054161707884021E+00
1.0028769301417629E+01
3.7997123733071845E+01
3.6994367475050911E+00
1.0024205275956012E+01
3.7950507018010455E+01
3.6939701742982818E+00
1.0019855728360817E+01
3.7908841036932685E+01
3.6890067909004820E+00
1.0015914618686757E+01
3.7871129681400831E+01
3.6840456091357292E+00
1.0012185666479755E+01
3.7832633313486369E+01
3.6783288307006892E+00
1.0007419238237828E+01
3.7788915665057395E+01
3.6723390440818187E+00
1.0002494012856719E+01
3.7742660814559279E+01
3.6663931482118919E+00
9.9978235083432665E+00
3.7696554821410402E+01
3.6603634534978351E+00
9.9928349611794669E+00
3.7650873755906261E+01
3.6549514928613611E+00
9.9885588449622364E+00
3.7609400103457673E+01
3.6503786860607996E+00
9.9849315307385265E+00
3.7574093296180081E+01
3.6460759262048024E+00
9.9811559864154997E+00
3.7541291535814786E+01
3.6415080547716676E+00
9.9774175648597137E+00
3.7505731345590348E+01
3.6361811201276222E+00
9.9730574954095044E+00
3.7464795264364469E+01
3.6304023748514629E+00
9.9681951485368625E+00
3.7421065892166865E+01
3.6250870163869444E+00
9.9639726080771780E+00
3.7380135898494913E+01
3.6207693427824532E+00
9.9603230246842642E+00
3.7347059741950112E+01
3.6176223242647398E+00
9.9574904422349988E+00
3.7322953890994640E+01
3.6143525701248471E+00
9.9548250931174103E+00
3.7297328132788827E+01
3.6103607824708739E+00
9.9514139743764183E+00
3.7267014652903555E+01
3.6059019032503685E+00
9.9476775802436261E+00
3.7233216766312424E+01
3.6019648746731368E+00
9.9445236380828348E+00
3.7202845703346036E+01
3.6007088499529738E+00
9.9433074170196161E+00
3.7193396905870607E+01
3.5995174977845092E+00
9.9422043115910999E+00
3.7184009574321372E+01
3.5974125306856943E+00
9.9404687088028147E+00
3.7167505605586385E+01
3.5971988952506528E+00
9.9402179999485174E+00
3.7166329245873008E+01
3.6006036309424529E+00
9.9432242870076522E+00
3.7192540240905934E+01
3.6995251976544639E+00
1.0021908976321951E+01
3.7953137314010355E+01
4.0132392642992336E+00
1.0239829395731478E+01
4.0383178367949320E+01
4.0570603932616196E+00
1.0266348425133666E+01
4.0723320489961083E+01
4.0660347594146309E+00
1.0271330005143842E+01
4.0794586945906239E+01
4.0714785057513287E+00
1.0274534457234372E+01
4.0837972965283548E+01
4.0755234484435041E+00
1.0277317914349174E+01
4.0868604520969981E+01
4.0777551613587653E+00
1.0277874189715725E+01
4.0887180500096569E+01
4.0795159845482996E+00
1.0279167490835077E+01
4.0899174059351125E+01
4.0801267136591148E+00
1.0279328583322926E+01
4.0904483060717723E+01
4.0801100190334152E+00
1.0279429775349511E+01
4.0905198836721688E+01
4.0797013018168116E+00
1.0279722765307612E+01
4.0901187129825516E+01
4.0782281861700094E+00
1.0278345719094025E+01
4.0890678427547151E+01
4.0767372920464009E+00
1.0277749015662460E+01
4.0877469126166609E+01
4.0745732899348628E+00
1.0276312913458183E+01
4.0860646992481911E+01
4.0721274635377647E+00
1.0275009122911854E+01
4.0842214841396000E+01
4.0695749733237214E+00
1.0274076536611599E+01
4.0821679351170502E+01
4.0662912118214365E+00
1.0271821023154487E+01
4.0796887519494412E+01
4.0630693234779542E+00
1.0270179668039921E+01
4.0770483659064709E+01
4.0593622792096618E+00
1.0267845475474404E+01
4.0741292031446903E+01
4.0554382721918589E+00
1.0265599734038764E+01
4.0711118497137605E+01
4.0515158461304157E+00
1.0263816765798531E+01
4.0680090141335462E+01
4.0470706375960841E+00
1.0260996241866936E+01
4.0646133506470996E+01
4.0426908889641240E+00
1.0258602819925919E+01
4.0611079559992561E+01
4.0379360829467306E+00
1.0255655040921202E+01
4.0573532692219985E+01
4.0330007943003698E+00
1.0252675750001359E+01
4.0535307841588960E+01
4.0281748325493840E+00
1.0250257865640977E+01
4.0497337858726425E+01
4.0229267496042347E+00
1.0247016672150218E+01
4.0457062020102420E+01
4.0176646302169070E+00
1.0244020747609650E+01
4.0415477813817148E+01
4.0121416977745419E+00
1.0240615849610572E+01
4.0371881650647246E+01
4.0064067259849949E+00
1.0237009590595166E+01
4.0327295946033104E+01
4.0007331469039178E+00
1.0233947576468815E+01
4.0282725403475141E+01
3.9946724893419905E+00
1.0230210752421133E+01
4.0236074388905948E+01
3.9886094260035243E+00
1.0226643360528104E+01
4.0188542286050271E+01
3.9823996024336905E+00
1.0222795285111555E+01
4.0139660100017302E+01
3.9762180958985276E+00
1.0218773497520944E+01
4.0091543167699413E+01
3.9702379495868110E+00
1.0215336029474539E+01
4.0044607087334633E+01
3.9638534128034353E+00
1.0211326160201814E+01
3.9995407641806821E+01
3.9575933298777684E+00
1.0207512054086637E+01
3.9946637939975133E+01
3.9513233601565840E+00
1.0203564587583967E+01
3.9897479092091558E+01
3.9445944100322841E+00
1.0199063149910407E+01
3.9845139762150318E+01
3.9379472171169057E+00
1.0194977819335781E+01
3.9793097729122458E+01
3.9312903491299434E+00
1.0190678559137149E+01
3.9741735465843156E+01
3.9246290390691168E+00
1.0186449172377849E+01
3.9690105839756434E+01
3.9179960166963284E+00
1.0182184722819066E+01
3.9638351897335681E+01
3.9115486598933331E+00
1.0177757161697135E+01
3.9588279797203668E+01
3.9053341616814756E+00
1.0173740946088071E+01
3.9539701242075616E+01
3.8989831528210726E+00
1.0169524387561298E+01
3.9490615045664171E+01
3.8924980942141185E+00
1.0165255238350756E+01
3.9440496581164140E+01
3.8856516089801318E+00
1.0160760914660674E+01
3.9387285434245229E+01
3.8783097271799627E+00
1.0155652429025251E+01
3.9330371072889442E+01
3.8708789916044353E+00
1.0150617144950100E+01
3.9272496316263954E+01
3.8634867092862302E+00
1.0145554255460553E+01
3.9215270919303528E+01
3.8562238938978881E+00
1.0140565045530892E+01
3.9159213769052457E+01
3.8490119234698095E+00
1.0135677799724762E+01
3.9103365031227142E+01
3.8416468180573058E+00
1.0130453980759611E+01
3.9046407168023073E+01
3.8343307670166542E+00
1.0125291524471658E+01
3.8989606089681764E+01
3.8272499934429329E+00
1.0120290986410437E+01
3.8934774479012994E+01
3.8204573748962081E+00
1.0115442823944436E+01
3.8882381021400889E+01
3.8140456220425296E+00
1.0110956225792766E+01
3.8832857486501830E+01
3.8076547226144775E+00
1.0106349904618723E+01
3.8783540683969861E+01
3.8008173629556765E+00
1.0101366436720481E+01
3.8730618352787779E+01
3.7935266412373227E+00
1.0096069114424326E+01
3.8674206033425349E+01
3.7859982572621917E+00
1.0090525602345904E+01
3.8616125306361390E+01
3.7784159169909239E+00
1.0084990981705900E+01
3.8557656419369820E+01
3.7707994478003015E+00
1.0079380964659888E+01
3.8498984570202829E+01
3.7632476798571162E+00
1.0073716945218392E+01
3.8440723906924319E+01
3.7561335110663290E+00
1.0068377562735282E+01
3.8385793804949216E+01
3.7496068601803385E+00
1.0063426510074294E+01
3.8335459879279099E+01
3.7435301949703499E+00
1.0058818072267016E+01
3.8288639607345594E+01
3.7372843251025203E+00
1.0054101494046101E+01
3.8240613298413777E+01
3.7302037615139150E+00
1.0048671896668420E+01
3.8186124666454795E+01
3.7226591827788078E+00
1.0042846711408000E+01
3.8128015066489098E+01
3.7152238592297366E+00
1.0037062711042557E+01
3.8070755699908830E+01
3.7079314963704468E+00
1.0031341723831233E+01
3.8014595896721531E+01
3.7010146897635190E+00
1.0025932971908786E+01
3.7961448011083107E+01
3.6949167524647968E+00
1.0021145094840922E+01
3.7914633374939278E+01
3.6893851557671122E+00
1.0016762848298029E+01
3.7872125788674722E+01
3.6833924391077346E+00
1.0011987962589849E+01
3.7826066301697438E+01
3.6765872150685754E+00
1.0006505381242913E+01
3.7773695207479001E+01
3.6692777054059995E+00
1.0000607281797512E+01
3.7717523747877657E+01
3.6621929821535573E+00
9.9948975513755265E+00
3.7663198855542831E+01
3.6560710447047784E+00
9.9899334028550815E+00
3.7616255874478043E+01
3.6510698765217855E+00
9.9858580383257731E+00
3.7577912122215778E+01
3.6461587856441611E+00
9.9818060927919401E+00
3.7540166942199825E+01
3.6404283889616287E+00
9.9770460000194294E+00
3.7496101590812401E+01
3.6341379410696777E+00
9.9718474007203213E+00
3.7447884589378447E+01
3.6279212453584009E+00
9.9667045476939382E+00
3.7400288928695261E+01
3.6229084292084908E+00
9.9625435327455811E+00
3.7361929585978814E+01
3.6193391972877680E+00
9.9595518995846284E+00
3.7334571829435554E+01
3.6156486145617617E+00
9.9564046256954519E+00
3.7306157198136880E+01
3.6107667372002079E+00
9.9522686512356255E+00
3.7268693461122510E+01
3.6056312512880080E+00
9.9479467008479432E+00
3.7229415991212342E+01
3.6017948734734535E+00
9.9447253716396595E+00
3.7200124193734453E+01
3.6009677741067811E+00
9.9440455251691962E+00
3.7193853168939000E+01
3.5999344594045382E+00
9.9431320653334332E+00
3.7185844931200187E+01
3.5963849290474297E+00
9.9400590911714559E+00
3.7158530939761604E+01
3.5951913197508150E+00
9.9390466192428555E+00
3.7149408628667267E+01
3.5988085483020007E+00
9.9421738117981580E+00
3.7177220380429418E+01
3.6011479587302402E+00
9.9442092847784860E+00
3.7195254272431832E+01
3.6046554295379347E+00
9.9471816368249311E+00
3.7222101993563335E+01
3.6166137394517364E+00
9.9572265008803775E+00
3.7313579605588039E+01
3.6314557515504280E+00
9.9696170658406729E+00
3.7427310197655530E+01
3.6723942404592167E+00
1.0003071600046603E+01
3.7741630536471334E+01
3.8145169543988624E+00
1.0110501770666037E+01
3.8837046833746399E+01
3.9277300553428631E+00
1.0188910089605136E+01
3.9713607153981869E+01
3.9720857151492499E+00
1.0217152537214414E+01
4.0058346037241115E+01
4.0009951373669956E+00
1.0234936458772818E+01
4.0283380520984089E+01
4.0213664370463071E+00
1.0247214325703553E+01
4.0442350731378951E+01
4.0362140126932999E+00
1.0256069882311690E+01
4.0558424192182947E+01
4.0475086788098826E+00
1.0262705538154282E+01
4.0646755604683257E+01
4.0562641037038336E+00
1.0267713004481879E+01
4.0715057942637294E+01
4.0631862762316393E+00
1.0271623255124199E+01
4.0769019355110956E+01
4.0686037607855123E+00
1.0274726086919561E+01
4.0811433380558839E+01
4.0727411943684970E+00
1.0277143198268732E+01
4.0843976935648683E+01
4.0758111945480628E+00
1.0278926370792586E+01
4.0868119884302175E+01
4.0778735150168695E+00
1.0280045690511839E+01
4.0884147219592087E+01
4.0790379652918105E+00
1.0280631427602687E+01
4.0893088147481805E+01
4.0795329353645817E+00
1.0280918088265805E+01
4.0896972327374968E+01
4.0794986165638969E+00
1.0280966347297595E+01
4.0896875772086226E+01
4.0787965213245565E+00
1.0280625330045330E+01
4.0891508700081530E+01
4.0774506637976584E+00
1.0279834345225407E+01
4.0880879977507789E+01
4.0755522190165703E+00
1.0278692794635511E+01
4.0865842210787612E+01
4.0731597706152858E+00
1.0277342449430574E+01
4.0847107763216080E+01
4.0703517730991763E+00
1.0275817929424747E+01
4.0825300017730527E+01
4.0671548289853341E+00
1.0274057723468340E+01
4.0800421569773086E+01
4.0635813777011904E+00
1.0271993443838033E+01
4.0772392654132808E+01
4.0596790055281291E+00
1.0269691689481235E+01
4.0741694555832780E+01
4.0554619782955523E+00
1.0267263117106436E+01
4.0708698897293196E+01
4.0509716381231540E+00
1.0264735425103209E+01
4.0673751898034865E+01
4.0462183892943298E+00
1.0262035494289357E+01
4.0636738322610093E+01
4.0411822704964013E+00
1.0259078966557784E+01
4.0597325712863146E+01
4.0358485746965673E+00
1.0255891099014150E+01
4.0555492311351415E+01
4.0302759002794986E+00
1.0252601722580209E+01
4.0511946746717967E+01
4.0245196240344177E+00
1.0249254084741688E+01
4.0467156641078518E+01
4.0185968932371008E+00
1.0245781668400140E+01
4.0421064391881899E+01
4.0124079305991200E+00
1.0242054978975755E+01
4.0372722427965698E+01
4.0060037123038734E+00
1.0238135414268347E+01
4.0322614388342721E+01
3.9994302070368968E+00
1.0234140439198738E+01
4.0271331924913710E+01
3.9928817965089980E+00
1.0230201063557642E+01
4.0220434735306995E+01
3.9862303688638669E+00
1.0226167877925695E+01
4.0168734677861444E+01
3.9793590976729694E+00
1.0221902016165421E+01
4.0115163089813997E+01
3.9724317666974498E+00
1.0217536302537503E+01
4.0061077501155253E+01
3.9654994284881382E+00
1.0213186309532650E+01
4.0007091138162622E+01
3.9584611955867546E+00
1.0208803345565464E+01
3.9952464323066629E+01
3.9512282642346888E+00
1.0204262362742343E+01
3.9896327025708942E+01
3.9436950094534762E+00
1.0199430977083832E+01
3.9837705631790122E+01
3.9359857643232932E+00
1.0194418183644027E+01
3.9777648826029989E+01
3.9279691297474360E+00
1.0189213828116618E+01
3.9715339856458478E+01
3.9196732767430333E+00
1.0183847362213772E+01
3.9651041675187663E+01
3.9112816385931306E+00
1.0178372549861404E+01
3.9586014526252640E+01
3.9029994807489294E+00
1.0172866266646007E+01
3.9521701891902389E+01
3.8947597064814574E+00
1.0167314713573557E+01
3.9457658312705504E+01
3.8864185578468260E+00
1.0161694156248030E+01
3.9392958710120055E+01
3.8781127940083020E+00
1.0156110954519054E+01
3.9328702196448781E+01
3.8697616350721744E+00
1.0150452234708094E+01
3.9264113030828256E+01
3.8611203659334952E+00
1.0144495280414967E+01
3.9197155691633967E+01
3.8526177087789240E+00
1.0138559055271349E+01
3.9131216222939138E+01
3.8445823258025107E+00
1.0132941472661932E+01
3.9069010789022222E+01
3.8369874122386110E+00
1.0127645044403202E+01
3.9010364357031932E+01
3.8294696551586087E+00
1.0122366574068684E+01
3.8952332395082045E+01
3.8212404832659344E+00
1.0116497592739655E+01
3.8888695596718939E+01
3.8122836107531874E+00
1.0110036617417835E+01
3.8819387073667350E+01
3.8031283495251569E+00
1.0103411896422569E+01
3.8748651608120724E+01
3.7942291030675630E+00
1.0096964812078106E+01
3.8680030069009788E+01
3.7853716372995732E+00
1.0090498779754631E+01
3.8611755485774978E+01
3.7763275726758025E+00
1.0083808383364861E+01
3.8541967564594870E+01
3.7675516668921771E+00
1.0077247703317857E+01
3.8474217314089969E+01
3.7593741941757006E+00
1.0071112039276864E+01
3.8411164983351362E+01
3.7517287241355328E+00
1.0065368472619722E+01
3.8352314755780668E+01
3.7443024033642827E+00
1.0059753423155144E+01
3.8295166020040753E+01
3.7363065658408003E+00
1.0053640590078276E+01
3.8233577573251900E+01
3.7277018802596196E+00
1.0047005844143305E+01
3.8167287976458823E+01
3.7188826981939078E+00
1.0040175073838554E+01
3.8099415902201528E+01
3.7100298284446955E+00
1.0033288203145355E+01
3.8031358717135376E+01
3.7013087102607543E+00
1.0026452042844424E+01
3.7964326295511832E+01
3.6933673483701828E+00
1.0020170598738964E+01
3.7903265644539673E+01
3.6863604484776964E+00
1.0014591009437078E+01
3.7849393020904415E+01
3.6797460842490048E+00
1.0009306074182957E+01
3.7798581768671383E+01
3.6724564742110433E+00
1.0003457212838581E+01
3.7742618676494160E+01
3.6646731353135955E+00
9.9971687019628597E+00
3.7682863322584502E+01
3.6564826668040893E+00
9.9905015380528059E+00
3.7619978131259650E+01
3.6485404463725994E+00
9.9839985978301442E+00
3.7559022177229146E+01
3.6419493827550151E+00
9.9785786082494035E+00
3.7508467995903068E+01
3.6369242680771103E+00
9.9744290822548223E+00
3.7469937707742751E+01
3.6314865353381491E+00
9.9699141647293370E+00
3.7428234613885508E+01
3.6248988106108588E+00
9.9644171408812436E+00
3.7377716893280237E+01
3.6178731295743054E+00
9.9585290263948831E+00
3.7323864833425731E+01
3.6120288299470786E+00
9.9536107274369172E+00
3.7279086704184536E+01
3.6088106947776475E+00
9.9508924212109182E+00
3.7254432462457679E+01
3.6058448404112169E+00
9.9483774396734699E+00
3.7231704812503004E+01
3.6012427997967587E+00
9.9444658643235613E+00
3.7196447492403529E+01
3.5967764523543497E+00
9.9406602542023172E+00
3.7162242887907183E+01
3.5954454380260521E+00
9.9395255549711390E+00
3.7152055540530590E+01
3.5963117591756015E+00
9.9402650493035036E+00
3.7158689814611748E+01
3.5946319685475672E+00
9.9388267255048692E+00
3.7145820631165144E+01
3.5947454403354140E+00
9.9389238139410701E+00
3.7146691956989130E+01
3.5998731884173205E+00
9.9433026672913769E+00
3.7185975295043058E+01
3.6044435657653962E+00
9.9471922471821532E+00
3.7220991576848881E+01
3.6100018830654776E+00
9.9518989753408658E+00
3.7263577817076836E+01
3.6229273573558096E+00
9.9627703645896464E+00
3.7362643621704059E+01
3.6363409233278206E+00
9.9739477592600032E+00
3.7465503309095489E+01
3.6559320304735445E+00
9.9900519628748707E+00
3.7615835688287596E+01
3.6818360366407750E+00
1.0011000098458446E+01
3.7814763167348531E+01
3.7140147489319908E+00
1.0036393282520155E+01
3.8062173113405620E+01
3.7513665298778713E+00
1.0065125769018673E+01
3.8349732523917567E+01
3.7924858148512635E+00
1.0095697521890553E+01
3.8666861444401974E+01
3.8334579960893915E+00
1.0125219073529035E+01
3.8983377510996263E+01
3.8657272826211653E+00
1.0147713985921261E+01
3.9233097925447971E+01
3.9015935634729830E+00
1.0171979687429774E+01
3.9511096783626208E+01
3.9324218030110458E+00
1.0192250161286571E+01
3.9750417863725119E+01
3.9533498794392186E+00
1.0205679679730794E+01
3.9913100176383104E+01
3.9730696624156350E+00
1.0218093469054033E+01
4.0066543435379778E+01
3.9910105574813670E+00
1.0229187288535984E+01
4.0206283133309391E+01
4.0067266498502541E+00
1.0238752727109253E+01
4.0328797746617212E+01
4.0200558674487752E+00
1.0246757138437085E+01
4.0432775309223260E+01
4.0314291179379431E+00
1.0253485486442909E+01
4.0521594524366350E+01
4.0412377057817137E+00
1.0259254035928517E+01
4.0598172834181909E+01
4.0496221009560784E+00
1.0264136486434721E+01
4.0663676542175693E+01
4.0566550564333603E+00
1.0268124821215167E+01
4.0718826051074544E+01
4.0626373207095794E+00
1.0271687880842331E+01
4.0765294681845965E+01
4.0673465856121069E+00
1.0274267770720240E+01
4.0802381102072395E+01
4.0710014367638072E+00
1.0276148298402592E+01
4.0831438965883244E+01
4.0743691717840127E+00
1.0278766102544076E+01
4.0856108419066288E+01
4.0758842104505453E+00
1.0278641470367363E+01
4.0870292625504526E+01
4.0772613135150264E+00
1.0279401337698339E+01
4.0881105021698041E+01
4.0791465414803563E+00
1.0283063466754001E+01
4.0889685010700610E+01
4.0765660835325148E+00
1.0276747666321697E+01
4.0881042788446855E+01
4.0771215535897056E+00
1.0279073941111529E+01
4.0880614589840846E+01
4.0799331645168673E+00
1.0289052544291735E+01
4.0882684587127549E+01
4.0694253920086814E+00
1.0265390797587209E+01
4.0842511381347940E+01
4.0688472329562488E+00
1.0269031828262481E+01
4.0828601196120999E+01
4.0707136560519945E+00
1.0278532773332003E+01
4.0823151517402280E+01
3.9642737533205690E+00
1.0016675466423827E+01
4.0466824853815801E+01
3.7365287274995813E+00
9.4471009315703132E+00
3.9724926586115231E+01
3.5582177452923016E+00
9.0041314631032403E+00
3.9135100225417311E+01
3.5441365854495741E+00
8.9748088823783956E+00
3.9074918531696838E+01
3.6308284225200911E+00
9.2043944961500124E+00
3.9328035095914345E+01
3.7444204363302673E+00
9.4994378708296097E+00
3.9675655787457060E+01
3.8639971212627957E+00
9.8154562274458712E+00
4.0029164955636844E+01
3.9889645083191425E+00
1.0141195803838391E+01
4.0411238479871237E+01
4.1090077931692388E+00
1.0461244019639105E+01
4.0762779220514879E+01
4.2282021094678388E+00
1.0774780847192712E+01
4.1123071839138618E+01
4.3335048572456607E+00
1.1059501717782343E+01
4.1425182934680421E+01
4.4241210110952398E+00
1.1304027874776287E+01
4.1686724534604828E+01
4.4984742342091604E+00
1.1511468086098448E+01
4.1887109462819190E+01
4.5583385658382891E+00
1.1680857659482035E+01
4.2043098094443167E+01
4.5949168017984681E+00
1.1792660074524330E+01
4.2119274613565317E+01
4.6053189754563233E+00
1.1838628126906737E+01
4.2107098817228483E+01
4.5958933611188098E+00
1.1831827979963647E+01
4.2033062883953747E+01
4.5669628078284896E+00
1.1778642165025342E+01
4.1886645338643604E+01
4.5183855297717566E+00
1.1670958428247253E+01
4.1681620507990239E+01
4.4440407802567989E+00
1.1501276912361998E+01
4.1380534478289377E+01
4.3548871145140930E+00
1.1288232451212679E+01
4.1038314646652942E+01
4.2496683826128292E+00
1.1036645993555414E+01
4.0634007974898331E+01
4.1339127841090715E+00
1.0752435657935429E+01
4.0202831954250492E+01
4.0075031850991030E+00
1.0442441304062084E+01
3.9729087068289573E+01
3.8763057113861903E+00
1.0119097597040732E+01
3.9237961806789016E+01
3.7439938636636008E+00
9.7927846697310574E+00
3.8739739957196740E+01
3.6155144918489768E+00
9.4758764368368986E+00
3.8252380873278703E+01
3.4960882166322036E+00
9.1810225891938089E+00
3.7796559733762024E+01
3.3894974873520347E+00
8.9193295262713725E+00
3.7383265284257178E+01
3.3001940607240781E+00
8.7015033017170875E+00
3.7031494391479264E+01
3.2309271977663991E+00
8.5365780118045009E+00
3.6747563378065898E+01
3.1848830246144275E+00
8.4321268472420225E+00
3.6546256692809230E+01
3.1636557248678439E+00
8.3921137707832187E+00
3.6435615540423385E+01
3.1674068667279434E+00
8.4177571879944999E+00
3.6415966816408627E+01
3.1952061887183358E+00
8.5070906288275445E+00
3.6484452634285127E+01
3.2438971181008971E+00
8.6536796772258846E+00
3.6626458296073828E+01
3.3103879764883306E+00
8.8506382095738250E+00
3.6829225503455142E+01
3.3920218388494123E+00
9.0893941033870451E+00
3.7088408415379632E+01
3.4842001544412144E+00
9.3571713067563280E+00
3.7389543025975343E+01
3.5831319528286123E+00
9.6453788711933175E+00
3.7715851504936992E+01
3.6867241417715415E+00
9.9465027539551780E+00
3.8064210964496276E+01
3.7892833132379731E+00
1.0243829047302702E+01
3.8416341041239136E+01
3.8863810473794675E+00
1.0525940805055328E+01
3.8753970489219583E+01
3.9770020666635686E+00
1.0792649595781505E+01
3.9067443636872845E+01
4.0586502613697579E+00
1.1038600573781018E+01
3.9344345452224623E+01
4.1275672160740768E+00
1.1251139343137032E+01
3.9574610519386056E+01
4.1808105152281918E+00
1.1421087760956048E+01
3.9748183234688419E+01
4.2193139665501311E+00
1.1547824360332303E+01
3.9872725101031016E+01
4.2437484423970542E+00
1.1631849163291733E+01
3.9951668854450972E+01
4.2505489382912600E+00
1.1669283816538341E+01
3.9960419123775615E+01
4.2387868867474481E+00
1.1658294215195475E+01
3.9893267619854321E+01
4.2101006758052568E+00
1.1600555711790451E+01
3.9760155926763368E+01
4.1693152505637174E+00
1.1502605026830036E+01
3.9590090921406059E+01
4.1153372946504030E+00
1.1362584288494906E+01
3.9376767511546689E+01
4.0417707248068497E+00
1.1172244165356741E+01
3.9079253027199584E+01
3.9539559716907231E+00
1.0942660617712498E+01
3.8723623259738211E+01
3.8604690993878767E+00
1.0691676405841582E+01
3.8353275506572061E+01
3.7639964412734899E+00
1.0424228750194686E+01
3.7984216592715441E+01
3.6586836003747738E+00
1.0135729082306339E+01
3.7572578562107033E+01
3.5497007813409072E+00
9.8373225539707470E+00
3.7144020947981637E+01
3.4448742000587758E+00
9.5436979863469631E+00
3.6743571979740949E+01
3.3474288727791461E+00
9.2638701897438533E+00
3.6385302277432466E+01
3.2548097897765569E+00
9.0025977839485805E+00
3.6034271496443303E+01
3.1740564584080468E+00
8.7725505388596261E+00
3.5732204226943622E+01
3.1120273240038028E+00
8.5851216507144059E+00
3.5523607772076872E+01
3.0673124492438846E+00
8.4448436331951413E+00
3.5383289737179261E+01
3.0402491889427168E+00
8.3567781950410964E+00
3.5301361958091590E+01
3.0365740145504412E+00
8.3278466055870961E+00
3.5320305801058979E+01
3.0593455763584183E+00
8.3612491975468064E+00
3.5463215879275566E+01
3.1009451115725484E+00
8.4516218206269382E+00
3.5660826818821555E+01
3.1629579292999606E+00
8.5967771298736810E+00
3.5933847110183265E+01
3.2487581326478585E+00
8.7949104982062511E+00
3.6319202927632958E+01
3.3524875529636695E+00
9.0374296377970413E+00
3.6774191583598892E+01
3.4653103415448614E+00
9.3093882666242322E+00
3.7243863994016237E+01
3.5888778365605654E+00
9.6053143618930452E+00
3.7756691629096650E+01
3.7250840838022858E+00
9.9228417509030749E+00
3.8333710611661154E+01
3.8623893358603176E+00
1.0242091393622797E+01
3.8907993296746383E+01
3.9916545580705738E+00
1.0545743578278955E+01
3.9433713882976392E+01
4.1171697366682487E+00
1.0835979094119297E+01
3.9946932760725346E+01
4.2374447946772973E+00
1.1108709919018551E+01
4.0443206858296882E+01
4.3489397314041618E+00
1.1352270766241391E+01
4.0915544595897707E+01
4.4438020600007100E+00
1.1552946354549197E+01
4.1324794678773458E+01
4.5163691782122166E+00
1.1702997216297865E+01
4.1640501359631870E+01
4.5680848632623139E+00
1.1802162586898666E+01
4.1877737691581309E+01
4.5997968193772287E+00
1.1848458590543848E+01
4.2049159485510259E+01
4.6082409927523829E+00
1.1836573731643346E+01
4.2139518303177404E+01
4.5928306125222900E+00
1.1765718427795443E+01
4.2147159231713339E+01
4.5528620794808434E+00
1.1634665036337246E+01
4.2070269049559002E+01
4.4909545771679964E+00
1.1450941852945515E+01
4.1917144824653867E+01
4.4122042305373741E+00
1.1227622286032826E+01
4.1705223941799503E+01
4.3142764489899994E+00
1.0958502734764954E+01
4.1428168428064843E+01
4.1984338135519659E+00
1.0646988747879460E+01
4.1090079689816726E+01
4.0746477210997218E+00
1.0318165491492849E+01
4.0723616541142093E+01
3.9475312105601352E+00
9.9835453602578390E+00
4.0343697394494598E+01
3.8206887199637047E+00
9.6522353079581542E+00
3.9961348840927187E+01
3.7007322742991482E+00
9.3403682025823827E+00
3.9598467029766375E+01
3.5935251176920557E+00
9.0627200906786083E+00
3.9273065981340558E+01
3.5047103748422872E+00
8.8330814383446601E+00
3.9003490862377198E+01
3.4392520035685177E+00
8.6635511224741588E+00
3.8805944011583435E+01
3.4006493283904553E+00
8.5632152680124225E+00
3.8690137478355965E+01
3.3913012717136457E+00
8.5373378325673759E+00
3.8665385739337339E+01
3.4113421363510481E+00
8.5868485714153664E+00
3.8730125333306489E+01
3.4599920259553811E+00
8.7088881431953133E+00
3.8884309136782512E+01
3.5339934924024989E+00
8.8963902001212958E+00
3.9114507368409015E+01
3.6293192107298968E+00
9.1380185810935970E+00
3.9411504993497800E+01
3.7412307424254152E+00
9.4233657608407650E+00
3.9756484517496759E+01
3.8644196290536059E+00
9.7377432018366861E+00
4.0136506598243912E+01
3.9916561527258532E+00
1.0063525502956940E+01
4.0527284794529805E+01
4.1204435706637623E+00
1.0396638520327610E+01
4.0916110339096747E+01
4.2464510987712174E+00
1.0720340557672372E+01
4.1302918110210491E+01
4.3554859847559024E+00
1.1010454015220803E+01
4.1616419584647289E+01
4.4563737964712935E+00
1.1271983978269425E+01
4.1922972347579588E+01
4.5366545911232787E+00
1.1493106886895752E+01
4.2140082384552954E+01
4.6027006412412206E+00
1.1671091493426681E+01
4.2327832777482570E+01
4.6447972858977087E+00
1.1794673072080029E+01
4.2426743859564368E+01
4.6634019846557386E+00
1.1861028347687004E+01
4.2446101576026777E+01
4.6620205944677631E+00
1.1871628664545426E+01
4.2411281152186604E+01
4.6316271257465083E+00
1.1819347110349478E+01
4.2260764023343881E+01
4.5845755454770396E+00
1.1714133912856870E+01
4.2076511012104319E+01
4.5110257466259966E+00
1.1552193537308300E+01
4.1783133446032956E+01
4.4205796405917308E+00
1.1341074195513555E+01
4.1444733979903781E+01
4.3116635419292884E+00
1.1083926863725910E+01
4.1041112215568170E+01
4.1907619693484257E+00
1.0799330314679285E+01
4.0587898311938815E+01
4.0648974597651257E+00
1.0493804160171099E+01
4.0132806444482917E+01
3.9256915125970346E+00
1.0163230037398669E+01
3.9608709901634313E+01
3.7919282330721380E+00
9.8352844167641855E+00
3.9124956707205442E+01
3.6578735336914674E+00
9.5146364055824257E+00
3.8617391034120217E+01
3.5359783624797774E+00
9.2172063410379614E+00
3.8167026846435583E+01
3.4254924334910921E+00
8.9529706200893671E+00
3.7743085571082624E+01
3.3355471106983754E+00
8.7357239318102060E+00
3.7402857475602076E+01
3.2651865766966210E+00
8.5724339877210234E+00
3.7120157168858313E+01
3.2185045919844968E+00
8.4708883113933808E+00
3.6917854532016072E+01
3.1955427402404903E+00
8.4345213393887111E+00
3.6788924665047844E+01
3.1983719618171893E+00
8.4649954589403418E+00
3.6752707914810614E+01
3.2249190724230896E+00
8.5592133490680489E+00
3.6797870086803400E+01
3.2733939744091600E+00
8.7117871497966650E+00
3.6921868284206717E+01
3.3406443451708876E+00
8.9142556468927623E+00
3.7115394753901512E+01
3.4234989225423651E+00
9.1568249571025255E+00
3.7371519547369026E+01
3.5180399566264517E+00
9.4309987510800735E+00
3.7672079262412609E+01
3.6153981630975638E+00
9.7185406471573774E+00
3.7973464442583968E+01
3.7148696524547851E+00
1.0013577869791497E+01
3.8283194839908390E+01
3.8145509572026048E+00
1.0311872103226310E+01
3.8592865575456322E+01
3.9077039950563570E+00
1.0591146054812388E+01
3.8886119718850175E+01
3.9935691079662945E+00
1.0846627434293207E+01
3.9164326870864336E+01
4.0700638859971896E+00
1.1077872258512972E+01
3.9408639092521177E+01
4.1324666871169109E+00
1.1275313750486756E+01
3.9594988958558780E+01
4.1791827196641220E+00
1.1432810602248582E+01
3.9720087579697733E+01
4.2141271744065882E+00
1.1551324115238312E+01
3.9814516648663798E+01
4.2360930499489093E+00
1.1627851366808194E+01
3.9871735897445390E+01
4.2370594836018212E+00
1.1653408198780214E+01
3.9838342467624969E+01
4.2210563726466299E+00
1.1631367625215336E+01
3.9741661347268568E+01
4.1915732777091153E+00
1.1564877746248678E+01
3.9604944989076174E+01
4.1489420380314463E+00
1.1456010702626713E+01
3.9427136870895993E+01
4.0897676156957070E+00
1.1305150619182781E+01
3.9178396057448936E+01
4.0173780327306794E+00
1.1116891989355928E+01
3.8878748922704510E+01
3.9372303504405459E+00
1.0894987407281569E+01
3.8569429427526501E+01
3.8437341923944026E+00
1.0636601776758978E+01
3.8207322127674317E+01
3.7442468065119754E+00
1.0363904380476619E+01
3.7817070574326145E+01
3.6423270865893977E+00
1.0081002546222999E+01
3.7423341977971013E+01
3.5391094147062843E+00
9.7842393882243641E+00
3.7045413968392147E+01
3.4371115549588760E+00
9.4944553667643028E+00
3.6665954957216407E+01
3.3369119522726329E+00
9.2116766489524498E+00
3.6289904034778928E+01
3.2472916827805158E+00
8.9542481554208440E+00
3.5963856413388740E+01
3.1718520092083033E+00
8.7297566573450336E+00
3.5707722381939405E+01
3.1096441472904535E+00
8.5445799905389226E+00
3.5497001809965468E+01
3.0638596834118950E+00
8.4070981786580621E+00
3.5343606883523485E+01
3.0392106533120642E+00
8.3254794367905731E+00
3.5276134291044691E+01
3.0396299296993341E+00
8.3043532946238106E+00
3.5323807815556677E+01
3.0609366943305334E+00
8.3417050480382144E+00
3.5445841605125288E+01
3.1019838823927635E+00
8.4374495857808807E+00
3.5629201555197731E+01
3.1623307638169318E+00
8.5855939337797764E+00
3.5884948764757929E+01
3.2004152045175309E+00
8.6068664102924313E+00
3.5570598146759082E+01
2.3366804224576625E+00
4.7554354442725018E+00
1.9966116146472427E+01
1.1364887299042881E+00
5.1934255788719641E-01
4.2192652354045723E+00
9.2750914128919781E-01
3.2553320728414506E-02
2.6018344028844065E+00
9.1672798619516516E-01
7.9668212300824351E-04
2.5024671218189121E+00
9.2513180711302789E-01
1.1146837052082426E-05
2.5000343645124219E+00
9.3426681787134724E-01
1.2661494327056062E-07
2.5000003884256308E+00
9.4356356643539763E-01
1.3638226763912187E-09
2.5000000041632684E+00
9.5299485548567087E-01
1.6611033784184850E-11
2.5000000000504459E+00
9.6253819123859174E-01
2.1398181823257722E-13
2.5000000000006368E+00
9.7217082510770259E-01
5.3809449658353620E-15
2.5000000000000084E+00
9.8186979560697618E-01
3.2787548289652565E-15
2.5000000000000000E+00
9.9161198398753758E-01
3.1786518427951426E-15
2.5000000000000000E+00
1.0013741679808761E+00
3.1395138966104174E-15
2.5000000000000004E+00
1.0111330758681294E+00
3.0081084830643189E-15
2.5000000000000009E+00
1.0208654447693888E+00
3.0280238940794146E-15
2.5000000000000009E+00
1.0305480763060166E+00
2.7528384059731505E-15
2.5000000000000000E+00
1.0401578900809749E+00
3.0443311925107945E-15
2.5000000000000004E+00
1.0496719789948923E+00
3.1155215324350790E-15
2.5000000000000004E+00
1.0590676641797003E+00
3.0077171197676470E-15
2.5000000000000004E+00
1.0683225490392574E+00
3.2390592980790014E-15
2.5000000000000009E+00
1.0774145726017299E+00
3.1519829680542405E-15
2.5000000000000004E+00
1.0863220621074532E+00
3.3845385040353334E-15
2.5000000000000009E+00
1.0950237846727531E+00
3.1148244221733339E-15
2.5000000000000009E+00
1.1034989979023992E+00
3.1495008321742429E-15
2.5000000000000009E+00
1.1117274993330606E+00
3.2958952582435762E-15
2.5000000000000009E+00
1.1196896745900686E+00
3.1697436187205866E-15
2.5000000000000009E+00
1.1273665441422314E+00
3.1659763303630678E-15
2.5000000000000000E+00
1.1347398085436480E+00
3.1369417084194408E-15
2.5000000000000004E+00
1.1417918920543142E+00
2.8588094610360794E-15
2.5000000000000009E+00
1.1485059845360113E+00
3.0851193789313763E-15
2.5000000000000009E+00
1.1548660815228540E+00
2.9828763912878138E-15
2.5000000000000009E+00
1.1608570223716790E+00
3.1678352326208838E-15
2.5000000000000004E+00
1.1664645264009199E+00
3.3410220318429578E-15
2.5000000000000009E+00
1.1716752269318489E+00
3.2922061449246561E-15
2.5000000000000009E+00
1.1764767031510619E+00
3.3079440790749761E-15
2.5000000000000004E+00
1.1808575097183416E+00
3.4369184174570640E-15
2.5000000000000009E+00
1.1848072040491315E+00
4.0537037360454289E-15
2.4999999999999996E+00
1.1883163712067217E+00
4.6155739040876400E-15
2.4999999999999982E+00
1.1913766463447508E+00
4.3520310220431139E-15
2.4999999999999982E+00
1.1939807346467113E+00
4.9111581343465623E-15
2.4999999999999973E+00
1.1961224287145036E+00
5.6799979291094821E-15
2.4999999999999964E+00
1.1977966233652158E+00
6.8883938986250856E-15
2.4999999999999933E+00
1.1989993278000119E+00
7.2467932988526118E-15
2.4999999999999938E+00
1.1997276751190120E+00
6.6498903518804839E-15
2.4999999999999933E+00
1.1999799291314837E+00
6.4125638336371784E-15
2.4999999999999938E+00
1.1997554885124080E+00
6.6588769317931514E-15
2.4999999999999933E+00
1.1990548882856744E+00
7.7054621987438518E-15
2.4999999999999911E+00
1.1978797985027636E+00
7.8760497182732938E-15
2.4999999999999907E+00
1.1962330202383245E+00
8.8117821888788379E-15
2.4999999999999885E+00
1.1941184789384098E+00
8.8902951210995658E-15
2.4999999999999876E+00
1.1915412150615472E+00
8.5764796811426865E-15
2.4999999999999876E+00
1.1885073720640413E+00
8.7567530148557524E-15
2.4999999999999889E+00
1.1850241817558609E+00
7.3565489661110650E-15
2.4999999999999876E+00
1.1810999470619419E+00
7.0212392405174815E-15
2.4999999999999876E+00
1.1767440222305510E+00
8.1998295887810520E-15
2.4999999999999876E+00
1.1719667905352897E+00
8.6021354360348867E-15
2.4999999999999876E+00
1.1667796395244732E+00
1.0226222833974464E-14
2.4999999999999831E+00
1.1611949338761458E+00
1.1318007668658495E-14
2.4999999999999787E+00
1.1552259859242797E+00
1.2342618516191540E-14
2.4999999999999774E+00
1.1488870239257716E+00
1.1387976538066665E-14
2.4999999999999800E+00
1.1421931581440188E+00
1.0273911041267544E-14
2.4999999999999774E+00
1.1351603448303140E+00
7.5829210820748339E-15
2.4999999999999782E+00
1.1278053481884256E+00
6.9727850745850603E-15
2.4999999999999831E+00
1.1201457004132540E+00
7.4390539275919304E-15
2.4999999999999849E+00
1.1121996598990469E+00
8.6172432884241002E-15
2.4999999999999822E+00
1.1039861677165028E+00
8.4274753466670188E-15
2.4999999999999796E+00
1.0955248024626738E+00
7.6934548602860231E-15
2.4999999999999791E+00
1.0868357335913565E+00
7.2876381747435300E-15
2.4999999999999800E+00
1.0779396733350464E+00
7.4340030290192975E-15
2.4999999999999796E+00
1.0688578273334157E+00
7.3387885171301435E-15
2.4999999999999800E+00
1.0596118440857636E+00
6.2309649780677448E-15
2.4999999999999822E+00
1.0502237633454574E+00
5.5121693783123330E-15
2.4999999999999827E+00
1.0407159635815497E+00
5.0815879347743954E-15
2.4999999999999827E+00
1.0311111086649196E+00
5.5489852130731027E-15
2.4999999999999796E+00
1.0214320938777357E+00
4.8833543815680977E-15
2.4999999999999774E+00
1.0117019910573535E+00
3.4948919624700066E-15
2.4999999999999760E+00
1.0019439931202601E+00
4.3031117986411550E-15
2.4999999999999796E+00
9.9218136066582274E-01
3.8593501229424574E-15
2.4999999999999796E+00
9.8243736659707814E-01
2.5274344926481845E-15
2.4999999999999760E+00
9.7273523754487590E-01
2.8886317684758464E-15
2.4999999999999782E+00
9.6309809972442018E-01
2.2240511046932938E-15
2.4999999999999800E+00
9.5354892534861557E-01
1.5439780809945689E-15
2.4999999999999800E+00
9.4411047696360817E-01
2.3473477530217977E-15
2.4999999999999782E+00
9.3480525310587481E-01
2.5750641548576411E-15
2.4999999999999769E+00
9.2565543474423795E-01
1.6768157191611481E-15
2.4999999999999756E+00
9.1668283241095816E-01
2.0768611877689619E-15
2.4999999999999791E+00
9.0790883420679036E-01
2.4896796001453282E-15
2.4999999999999822E+00
8.9935435481781367E-01
2.4300311759670101E-15
2.4999999999999827E+00
8.9103978566086361E-01
2.4088936486265093E-15
2.4999999999999827E+00
8.8298494627623203E-01
1.8658687336107961E-15
2.4999999999999827E+00
8.7520903708339537E-01
7.4680378102532772E-16
2.4999999999999831E+00
8.6773059361273097E-01
-5.1721638021271527E-16
2.4999999999999849E+00
8.6056744232196292E-01
-1.4217251693858826E-15
2.4999999999999849E+00
8.5373665810309374E-01
-9.1764462559722412E-16
2.4999999999999840E+00
8.4725452358063169E-01
-8.4699425847467325E-16
2.4999999999999827E+00
8.4113649029853776E-01
-5.0034975463792071E-16
2.4999999999999782E+00
8.3539714188800041E-01
-1.0652131092387627E-15
2.4999999999999778E+00
8.3005015930452553E-01
-5.4331190601324716E-16
2.4999999999999800E+00
8.2510828821625548E-01
9.7536962612903851E-18
2.4999999999999769E+00
8.2058330862194861E-01
-6.1908581169518757E-16
2.4999999999999769E+00
8.1648600677109773E-01
1.6558988591348231E-16
2.4999999999999729E+00
8.1282614945228415E-01
-1.8532740554470017E-16
2.4999999999999698E+00
8.0961246071225645E-01
-6.9876365950318622E-16
2.4999999999999698E+00
8.0685260106023493E-01
-1.1062192702916494E-15
2.4999999999999694E+00
8.0455314920735643E-01
2.3058054533356694E-17
2.4999999999999707E+00
8.0271958638516527E-01
1.3105665302954814E-15
2.4999999999999769E+00
8.0135628327974517E-01
1.4526371901042349E-15
2.4999999999999738E+00
8.0046648961299471E-01
4.9949261596558575E-16
2.4999999999999680E+00
8.0005232640067703E-01
-3.4417504171936135E-16
2.4999999999999716E+00
8.0011478090406685E-01
5.8028045128905596E-16
2.4999999999999751E+00
8.0065370424637050E-01
2.7551263980473352E-17
2.4999999999999751E+00
8.0166781177442981E-01
9.1994506364598434E-16
2.4999999999999734E+00
8.0315468614729046E-01
2.2372945595843295E-15
2.4999999999999751E+00
8.0511078308428508E-01
2.1529685061866190E-15
2.4999999999999751E+00
8.0753143981326991E-01
5.6194524817269301E-18
2.4999999999999778E+00
8.1041088618518875E-01
-2.2069207642023164E-16
2.4999999999999782E+00
8.1374225842851688E-01
-4.2029161058327387E-16
2.4999999999999774E+00
8.1751761551044322E-01
-8.6478154693972450E-16
2.4999999999999791E+00
8.2172795806605625E-01
-9.9718102443138056E-16
2.4999999999999796E+00
8.2636324985013943E-01
-2.5875916888150587E-15
2.4999999999999765E+00
8.3141244166078676E-01
-1.8539656115765559E-15
2.4999999999999791E+00
8.3686349767739243E-01
-1.5141498716867958E-15
2.4999999999999827E+00
8.4270342415070709E-01
-7.1053442166035718E-16
2.4999999999999849E+00
8.4891830037611871E-01
-4.2402215843235041E-16
2.4999999999999849E+00
8.5549331187664468E-01
3.1212912064850876E-16
2.4999999999999849E+00
8.6241278571631008E-01
6.5085714065812389E-16
2.4999999999999849E+00
8.6966022786008346E-01
1.7059752982527865E-15
2.4999999999999822E+00
8.7721836249087626E-01
4.5048647723005080E-15
2.4999999999999720E+00
8.8506917319012079E-01
4.8931345870514863E-15
2.4999999999999694E+00
8.9319394588387258E-01
6.7650681641389832E-15
2.4999999999999627E+00
9.0157331345180503E-01
9.2128643796858452E-15
2.4999999999999578E+00
9.1018730189299091E-01
1.0412185071904988E-14
2.4999999999999578E+00
9.1901537793820076E-01
1.0136648909303558E-14
2.4999999999999583E+00
9.2803649799554699E-01
9.0538442453007702E-15
2.4999999999999587E+00
9.3722915831200548E-01
9.0248335241069847E-15
2.4999999999999609E+00
9.4657144623281542E-01
8.7344620765452712E-15
2.4999999999999605E+00
9.5604109244066326E-01
9.6352037048960220E-15
2.4999999999999627E+00
9.6561552402804118E-01
1.1264568581863384E-14
2.4999999999999676E+00
9.7527191822621406E-01
1.2892757824985984E-14
2.4999999999999658E+00
9.8498725703929013E-01
1.3497235033055293E-14
2.4999999999999662E+00
9.9473838283775706E-01
1.3281520198039071E-14
2.4999999999999680E+00
1.0045020516247363E+00
1.3247345000020500E-14
2.4999999999999671E+00
1.0142549879141718E+00
1.4580262652564784E-14
2.4999999999999640E+00
1.0239739435803650E+00
1.4664960913325344E-14
2.4999999999999618E+00
1.0336357523403517E+00
1.4212878623367785E-14
2.4999999999999631E+00
1.0432173831946487E+00
1.3353328994277279E-14
2.4999999999999627E+00
1.0526959962126650E+00
1.4068317083057437E-14
2.4999999999999618E+00
1.0620489971184346E+00
1.3536919036283272E-14
2.4999999999999627E+00
1.0712540910639121E+00
1.3638373330177488E-14
2.4999999999999627E+00
1.0802893357623764E+00
1.3601686063887968E-14
2.4999999999999623E+00
1.0891331937984954E+00
1.2556341603299770E-14
2.4999999999999614E+00
1.0977645839676211E+00
1.3390828113736498E-14
2.4999999999999591E+00
1.1061629315264110E+00
1.5431467388789723E-14
2.4999999999999547E+00
1.1143082172367569E+00
1.6753646521662109E-14
2.4999999999999520E+00
1.1221810250858693E+00
1.7080088517160711E-14
2.4999999999999498E+00
1.1297625885682221E+00
1.6270875046881148E-14
2.4999999999999440E+00
1.1370348354197439E+00
1.5733178283317338E-14
2.4999999999999449E+00
1.1439804306968628E+00
1.6233420284589552E-14
2.4999999999999423E+00
1.1505828180982556E+00
1.7636884782200872E-14
2.4999999999999436E+00
1.1568262594306029E+00
1.6912854919158763E-14
2.4999999999999432E+00
1.1626958721240761E+00
1.6316439174024187E-14
2.4999999999999400E+00
1.1681776647084543E+00
1.6307088599153488E-14
2.4999999999999440E+00
1.1732585701648601E+00
1.5889202802311395E-14
2.4999999999999440E+00
1.1779264770740825E+00
1.5196775545010747E-14
2.4999999999999440E+00
1.1821702584867120E+00
1.3419293619961750E-14
2.4999999999999440E+00
1.1859797984468878E+00
1.3838792853459223E-14
2.4999999999999436E+00
1.1893460161056677E+00
1.4852109055073807E-14
2.4999999999999427E+00
1.1922608873673233E+00
1.6102412311051477E-14
2.4999999999999378E+00
1.1947174640164031E+00
1.6733818859112152E-14
2.4999999999999369E+00
1.1967098902803055E+00
1.5986142251637696E-14
2.4999999999999334E+00
1.1982334167876296E+00
1.7663723570616593E-14
2.4999999999999316E+00
1.1992844118891084E+00
1.8136602712363105E-14
2.4999999999999316E+00
1.1998603703148254E+00
1.8378278850266059E-14
2.4999999999999347E+00
1.1999599191154919E+00
1.9463635064626636E-14
2.4999999999999369E+00
1.1995828209844810E+00
2.0636207714881579E-14
2.4999999999999356E+00
1.1987299748467852E+00
2.2108722017635134E-14
2.4999999999999400E+00
1.1974034136529115E+00
2.1370363024101287E-14
2.4999999999999378E+00
1.1956062995420753E+00
2.1314170499465124E-14
2.4999999999999338E+00
1.1933429163176985E+00
1.9436093703620534E-14
2.4999999999999347E+00
1.1906186592347443E+00
1.9701161260262896E-14
2.4999999999999365E+00
1.1874400221391472E+00
2.1719885645861309E-14
2.4999999999999418E+00
1.1838145819883961E+00
2.0658836985306372E-14
2.4999999999999449E+00
1.1797509807902826E+00
1.9934826416406324E-14
2.4999999999999440E+00
1.1752589050027911E+00
2.0000022606865519E-14
2.4999999999999440E+00
1.1703490624443766E+00
1.9598832529214591E-14
2.4999999999999449E+00
1.1650331567694883E+00
1.7945949685774773E-14
2.4999999999999449E+00
1.1593238595703126E+00
1.7365149175218041E-14
2.4999999999999463E+00
1.1532347801712155E+00
1.7754018406689164E-14
2.4999999999999472E+00
1.1467804331876903E+00
1.6398629983467181E-14
2.4999999999999476E+00
1.1399762039276367E+00
1.5661394425158741E-14
2.4999999999999472E+00
1.1328383117168326E+00
1.5890081410542277E-14
2.4999999999999449E+00
1.1253837712365296E+00
1.5539161058613311E-14
2.4999999999999440E+00
1.1176303519650832E+00
1.4339094161595595E-14
2.4999999999999440E+00
1.1095965358206223E+00
1.3779933394270719E-14
2.4999999999999449E+00
1.1013014731051372E+00
1.4041651966990565E-14
2.4999999999999440E+00
1.0927649368559578E+00
1.4157069448927964E-14
2.4999999999999449E+00
1.0840072757124892E+00
1.4663909298601448E-14
2.4999999999999405E+00
1.0750493654111533E+00
1.3445306475458321E-14
2.4999999999999405E+00
1.0659125590242715E+00
1.2959833190201697E-14
2.4999999999999409E+00
1.0566186360608396E+00
1.2790229589872753E-14
2.4999999999999400E+00
1.0471897505465331E+00
1.1963259390157869E-14
2.4999999999999405E+00
1.0376483782185688E+00
1.0858251876836768E-14
2.4999999999999400E+00
1.0280172630058924E+00
9.6538626443476986E-15
2.4999999999999405E+00
1.0183193627703007E+00
9.4714549159555066E-15
2.4999999999999405E+00
1.0085777940264642E+00
9.8211350213038121E-15
2.4999999999999440E+00
9.9881577736198235E-01
9.3864043270014376E-15
2.4999999999999436E+00
9.8905658356672110E-01
8.9782565133843142E-15
2.4999999999999445E+00
9.7932347669882913E-01
8.9176548108408886E-15
2.4999999999999423E+00
9.6963965712625244E-01
8.9711135624715502E-15
2.4999999999999405E+00
9.6002820777136288E-01
8.4275058434212893E-15
2.4999999999999405E+00
9.5051203962661490E-01
6.7554787980563494E-15
2.4999999999999440E+00
9.4111383653159053E-01
5.6924380644128242E-15
2.4999999999999436E+00
9.3185600108940236E-01
4.2366247713202334E-15
2.4999999999999436E+00
9.2276060131081150E-01
3.8270102129455402E-15
2.4999999999999436E+00
9.1384931800999936E-01
4.0264375949693524E-15
2.4999999999999440E+00
9.0514339312097902E-01
4.2143135070766138E-15
2.4999999999999432E+00
8.9666357906272065E-01
3.6997629001310443E-15
2.4999999999999436E+00
8.8843008927157141E-01
4.3108482669707478E-15
2.4999999999999454E+00
8.8046255001799878E-01
4.5917561283732499E-15
2.4999999999999454E+00
8.7277995362320604E-01
3.6354291399088630E-15
2.4999999999999440E+00
8.6540061318667849E-01
3.0995123608349597E-15
2.4999999999999445E+00
8.5834211893314727E-01
3.9565608715026747E-15
2.4999999999999520E+00
8.5162129628226180E-01
3.3551861742665715E-15
2.4999999999999520E+00
8.4525416574183732E-01
3.4183376758458800E-15
2.4999999999999520E+00
8.3925590471935729E-01
3.5022488106669475E-15
2.4999999999999520E+00
8.3364081134348833E-01
4.2498804824919629E-15
2.4999999999999489E+00
8.2842227038138860E-01
3.4994016346054928E-15
2.4999999999999480E+00
8.2361272133330199E-01
2.6839180660045923E-15
2.4999999999999476E+00
8.1922362878035693E-01
1.5500483172976281E-15
2.4999999999999485E+00
8.1526545505632719E-01
6.1795545651284038E-16
2.4999999999999485E+00
8.1174763530846894E-01
8.4007255334292070E-17
2.4999999999999503E+00
8.0867855500674801E-01
-2.8813138643006495E-16
2.4999999999999512E+00
8.0606552995545333E-01
2.2011737822839385E-16
2.4999999999999538E+00
8.0391478885436207E-01
1.2156979168261734E-16
2.4999999999999547E+00
8.0223145845129462E-01
-1.4577593303105590E-16
2.4999999999999556E+00
8.0101955132156022E-01
-4.0792598238389707E-16
2.4999999999999578E+00
8.0028195630231047E-01
-5.4859072578067727E-17
2.4999999999999587E+00
8.0002043161704384E-01
-3.1397377146548891E-16
2.4999999999999574E+00
8.0023560067679178E-01
-4.0925566365639545E-16
2.4999999999999565E+00
8.0092695057054963E-01
-9.8821661817329311E-16
2.4999999999999600E+00
8.0209283330848857E-01
-2.0922647854827984E-15
2.4999999999999636E+00
8.0373046976220741E-01
-2.9757765051922275E-15
2.4999999999999636E+00
8.0583595627760818E-01
-2.3264640905339322E-15
2.4999999999999609E+00
8.0840427398078163E-01
-2.2307356324602485E-15
2.4999999999999627E+00
8.1142930074144015E-01
-2.8067110209667289E-15
2.4999999999999614E+00
8.1490382576624532E-01
-3.1605582331405501E-15
2.4999999999999618E+00
8.1881956678737178E-01
-3.5608352318849458E-15
2.4999999999999614E+00
8.2316718980495585E-01
-4.2504605043905308E-15
2.4999999999999609E+00
8.2793633133665778E-01
-3.9367007226709853E-15
2.4999999999999587E+00
8.3311562312122955E-01
-5.3988090737010696E-15
2.4999999999999591E+00
8.3869271921719701E-01
-6.6868108829299897E-15
2.4999999999999583E+00
8.4465432543199093E-01
-6.8490474378282707E-15
2.4999999999999578E+00
8.5098623101146020E-01
-6.4750223732417123E-15
2.4999999999999556E+00
8.5767334251429994E-01
-5.4048208084071896E-15
2.4999999999999529E+00
8.6469971979039673E-01
-5.9572067395321726E-15
2.4999999999999520E+00
8.7204861397768729E-01
-7.0804560866616146E-15
2.4999999999999520E+00
8.7970250742656675E-01
-8.1735064044885361E-15
2.4999999999999520E+00
8.8764315545709727E-01
-9.7990834504655439E-15
2.4999999999999529E+00
8.9585162984900424E-01
-9.4386241636087377E-15
2.4999999999999538E+00
9.0430836396118519E-01
-9.8099907333227308E-15
2.4999999999999538E+00
9.1299319937321699E-01
-1.0869452283802650E-14
2.4999999999999556E+00
9.2188543394033373E-01
-1.0874429004393622E-14
2.4999999999999560E+00
9.3096387113411627E-01
-1.0470713313275243E-14
2.4999999999999578E+00
9.4020687051048968E-01
-1.1301847122711864E-14
2.4999999999999600E+00
9.4959239948756913E-01
-1.1858615492754299E-14
2.4999999999999627E+00
9.5909808670089280E-01
-1.1966010740064532E-14
2.4999999999999627E+00
9.6870127175245901E-01
-1.2577750742412813E-14
2.4999999999999627E+00
